13790414708394749614
14313826073711288524
16651905012717483531
10035555336164380855
4488083704023510474
9516257451267769
15871784838738040718
755895351951366491
14365306104560963173
1225509133082698600
12141882167070350947
7885513120194879992
10161453490200278574
5450975272913085819
8363218165521968000
1651414793743933861
359596940467580184
3106086905244920041
991648121857697106
10678765752753781134
5715269128304110862
15495640649146721208
10837410660427916767
3644919232322396292
4520091894310945339
2801306895816921046
6525571271857263381
1813329548167420904
280105321833842097
10047650511836724493
15540143425828692149
13277254116768977620
10616857417607651696
9787325904230823411
14927536828511087919
12680036712809451600
13089260830607815124
8000932783081698092
13439663920531858355
7639085758300186533
8411618529082020884
7952559526060438395
6734905197800402892
474986937262549899
9543325730961661746
8877028810610356348
13311563204541846202
7605826339036260907
11583819577598715761
1579365140147795278
1754386326298557310
1364441616108881981
11293294575788263903
16414338352370854717
3402084608983652296
4337564772948489766
9398977337793251642
10793701072023645858
2014574732602079656
6730684138477388288
7829032659275534138
2370627463805735895
8487533002598297487
17321542993263081046
16044957624413659334
244295640967583578
11720901092971270846
18165422614409512453
8405505739629224666
5532040706655341208
56537801288753558
8767072221891213054
14247605846700665483
14575923459737319197
15136367880011637027
11795091238601040072
9971077845137686547
9444925805176410138
6139315966633889898
3939048714867600441
17381855764072834044
8476046871663872236
8927976226954423392
15257426477432568217
17375819958385328474
18246625732342053699
17698345197269427794
8431318798970130370
9243469894276090148
10162881129900710515
1793537903020601535
18443422739658436108
1601188041441918832
16594787337521603626
12277549062964070266
7194754370071465230
12724165552787086452
5698899869826834613
16499053933088119653
12021411370502768612
15700921797144327812
15093477277782555165
7726073432108712002
13164761088760833263
1484483451712201580
10579044004751278369
8672104924532411606
7142996574784632199
17084386514686654216
9064356078209272366
2469941847154432337
6895755251594380668
14836580916693290635
11218294294514593291
2500531045763936821
15559187865791021859
14244614235489808387
12209392770100300221
877969814631778494
3810432766877815742
13868815532061956505
6259127820816549067
18004735241894587388
17660001021863654612
17420389119208070472
3249890992166368376
4379519399265948723
13747396127640582079
9966185629349523836
1329582020414130730
11247693537445237686
14362584721155870859
15469658589783093284
4977210550504338716
1897724708730074295
17222214125101310893
13204071960209856003
4704030662903635201
5348257923535029064
12240127675640935488
10762521084052317179
15362081064354107190
13927910481725849122
1348648519074737576
12705975526234100327
3834951111703921811
4661559567197764899
13345364377530606291
4585337360804567016
10561173062925883261
15419916049324093840
17615379019862037517
3720028029535832941
6502869080151481299
9965168087241529063
9767011739803919215
15644092490671672634
7266908875882654594
4673882972723003039
9588957274472322609
13146387602750488875
2247536059382924493
16559089449949573181
3850349022213729427
9507779606364593923
4591062952755859570
15897257069972509599
4099495503875308169
1629272484019596845
12076926825977888589
8281941909435822285
2454467415647226416
2566378489972649706
13684225512825595772
1981366166651075449
18149530521184886386
11499138655046044004
3331240107340494402
3627531835977005432
17938913405319879264
13794102568042027685
6924805701975199415
2488083360756140700
12069738866202827558
12917456834053387768
5668014666029471096
17630829380793062385
12654024373625640477
1385568911292022362
2564492644483337916
13457025614356092804
1625441372440511047
5498554749817153744
5137592820415327947
8643895461233926565
5913026078126258188
4107771554793630182
11954619475393270857
13113745092041300847
12826557972079399128
7642239076126680685
11490704006354093738
1132985993720343636
1543408534800615795
16857231871835813368
16026350091576938975
1407105862336037530
10986990956654538960
8150944578655763264
18072044653072322837
9298503979186580232
5733653971782669892
15966090973999639721
2200447560903937220
1268257988223753343
6797039727779638405
9840374107181738024
4135561043046911281
12961769247449983779
4281446790574177498
13525428223200462286
421188288479820774
436565461191287558
762301048317207876
4931277448268511812
11042802971761786966
13502214741450852344
14260297083961032814
13010388617814298972
4028167703908974490
13430610516433580416
4052165197876890870
17680240484250131263
17065704340370713929
10992246808330542604
8894833791266096191
491354333650285887
13747116253648941909
17007200611527187451
13662941115303831123
5924834814381893431
6243873046510768028
10557152762457885610
8674646161986089209
17973320382366548747
16116834515772046086
17785352909753739879
10148313258025468835
3104194613634832546
15181861467025313989
2885019221742121811
11905579975065041887
9042878644077131508
13353232281736107935
15463257427048660166
16493100553334254033
1409820430731543410
921833906158669377
11313243395065380274
13056789550795021894
8785573051014609518
18043604790808761084
15000673461738684140
13685008088235625765
506805084999655054
16821021172129223964
14280811528770657957
8235711378394885985
11522643917331525862
9561066844604451649
14884825598501494395
4344544012682974523
4268660228886721020
4956286529146373921
8125281512932375288
16164497117906186093
1757991130269566096
2829128955112554065
13616308348768217134
6062039885326084770
11126052234741827088
8175159115797423310
16682183236853854640
11885190457946431723
1408724861911302608
14947031397457578461
15774824942572354172
9430871391847700430
18076600910059883609
6764024325137461948
12282792423959939715
15887037161069372229
16536657516883312897
1396697218627243865
2114613140678960942
14781597147604663737
13969253655054930329
6069581476249472585
16769503924441585314
15854718025688790309
13920834086749297567
7528615761329305573
2244306747178405720
15695273945312406884
6725843169552307633
13112300770567928791
698848513006256302
9996121747465365015
18372462433563332067
1199760638102691482
15367443964308222642
6497924265500222461
7178913326105044396
12441869153112320080
5569554049533913352
7290259977604122625
17730050214924831023
12899543496461097566
8885413436765151779
10178187281448223751
4355635180762404578
3106003609962196656
1350768954513214140
8591796847293410599
765405894657264215
5483505920486723682
2132699599640659420
12962808021236462121
10771882567943850223
15350032506892272598
6930989630597470547
15466000851432578484
9654577672676365497
2807235488493100622
9197486175612263240
12343663150727556572
13033686499903171311
10473453896876709244
2806496857536203061
9084591984017108494
4583626849856888536
16646609009011121416
1752316706416838447
8278697690052942084
15115051527564151089
17462425483929717836
4090738194375586689
13834515835512815822
4274271384136015861
11635896425491151671
11100585489332597013
2478392247516797011
3924635081907072083
8819673431906385224
13585212112844680695
13059920549945209401
8779515426105500718
10799794613148533944
11751103816682571740
14109252957043320820
17745798511558863496
16850046970359590869
9149324060878538450
17821414667997665574
5364063525525483501
17394316615830128312
15570712704323833820
9764266452431903393
999698308223892353
2872957322668587205
16275760587555557322
7835848493899106778
6921130861512488573
4545635338521007128
16050826797700162621
11250805637282654728
397076501789508185
4508079148195721261
9273903692207203844
7011478136620475873
8495426708680445351
5696887424004764537
5134650230443583185
15769909420918812498
12992034504181817724
1618082861945881154
16059467850318321477
711437459594057891
5713426760298687235
15978762255829973462
17885229870168846256
9453929463027486542
15204349485967792818
15946978255400666026
14717885008334705905
6172968388235765462
3498024501803463707
12118469026906429281
14110196444743324252
6304433016997476850
17901517146436504500
2111012728437140353
11562957231845297435
12569341131912276079
5895720514439321024
10507837440403122399
11140522737110015090
13380241141998508552
15108691380338827004
1176489398141026181
931004801548329359
17997415011777895644
3519847434724866607
8908594445042932823
13825926406123326686
3404004854852336768
12201209130642458813
14844246926154936565
41191597147499727
8925040862333138315
10293805406902274619
16213780110888801757
15650722091145079295
2071721234400029165
15315775601937479998
16037569088861831420
1486879628607175161
16283578586913713385
15495009760192887917
18361773035132447450
12800743149958474791
3624096915245635490
9297529241095292215
6042118400014970750
3509450790286186138
7293316636460334187
14102479395645021052
14916488449849362469
1593715144706839100
2166360569523905443
7825627770061337177
9922221055106118828
2747088789366868471
274408958646395403
6254598977558977742
419069103133702323
8062905925171583597
9312824585372504809
7759061857679468860
2340823185808497703
7406835136636072903
7214133280775142704
16833424486665158689
7912838514929079327
4651887631482276398
4168436284987648280
14310627474335563944
10483657257301523342
11737336684751481811
15485411222221175504
7839837506200485177
513997812840458742
16181662400923296839
6992131045081262314
10147548081193721871
3846302281560793483
5477920755492398281
2542150278378873371
2768471229556443034
8906845979569387616
2193979139152512127
12140431230527353799
7403176510591561169
15653355167111229624
4287803171802804698
12235062142275262770
15853857365397383751
14420379901055880095
3339815641897553112
11875078010161157554
1770771573779234500
5021599535084374007
2181968215046011944
2453125779524034188
16886444361666979130
2603830042139475731
3444589468411687058
2150308611115673802
6503293782353260396
12771546940174927950
16462823470625482130
5670762241065948903
2484381067253909557
1232332991605352846
10232305477056537226
11708453735754280910
654789008025908637
3798057658825156606
10857684006546742053
2339498573310594168
10801056862896712726
12774732591039229617
11312455816742746036
860127594614560462
3905769946024593022
16683414854572551666
16829477122579438846
1429011338816613307
12019117208273858989
3203176039438612294
15934940710208914386
11293921907550342466
1294191774382019033
4898243245854174003
3966795235079917572
16395941568425357508
4075922411754919927
10517504939996341452
1828572829307126477
10164549110989312041
18292225962520266834
9800332877345882479
5418200566752884392
306278864991231101
13434105538828108903
11654366243643314079
3462694057877631504
4865387243139284724
18398207262688880603
8405814452859366820
16174672479866321556
8035860106406373879
14041496266741636666
16013590941431076109
15243620379644182665
8720069622225256439
11010607113345418892
3089487919527449270
17358552239414197807
15474422418960536060
17105119359763303893
16002274640764868098
1685383135403372955
17767057988352572786
8823406534518594892
11436599447283403416
2049891820708724486
8860264433502899534
13879408200016247747
17010232452477352083
12776252796242870150
18256649940686660139
2333314230814107845
12017144648097705242
15597643144343819350
112680229435576859
1450310542532289596
13139435107867420864
8348775146438054794
3486059810575391253
7654760704700940255
8718201970463569610
539015368702249608
14335544188760433235
8943910377188911447
5566448366244995549
8691347537825909468
6452623742487562052
14050852497738568165
4213899799465694749
6589306501318024350
1048213452363182307
12821764424512239150
14517660829299198404
9104500431802436520
15018803619642165830
5523629487156734333
3865195461502555293
14036227371978196467
4727617821225584349
11713369690224029056
3481731600894559422
15148091139659495048
7065062774715202104
5706900995509476130
11569899368305079729
11425840290600431671
13793036288791177428
9236188479717892909
11146941749159335268
5785288866336819910
5096567096613202391
4813613102573217687
4972154459844085679
8159789241101988729
12827870120327962079
16082511991124027841
6498011930113856047
12992121579892181447
6086352498099101467
9188627352625522495
16488839379833100144
14140663950096631809
1096428705770492421
15252458261871327600
10798408100059390494
1486550989536358254
3272638528743816328
11368545371617689178
3843046212230041330
16977321865699394479
975062303843490351
2178000877563276482
16768986044211683776
16724093440954091577
16735520478387315187
17893088672371597818
14340398547324238460
5393353121621699466
615036408419380859
12434201280263250163
6186191914439127145
14541218393430719049
11612586332797011603
8776158537620702429
583587948453346934
6053381375246897507
1199060960066180816
17923428587486786607
15582190582804649383
15463392096579811508
4451587120457602621
16884180155528090640
16850671044808261056
6665474385194495992
11349298306001193173
16295782149674236683
11030696413345907556
18260956713290106264
7956922856989730717
649272435108297697
16460252233394282577
14958900331951646496
14377772645977859312
9200734982046792052
17831961401050283294
2084540683089079025
14036737786114804389
14046902900817155914
2908930507390707929
10610476170652164798
14347332609359456981
6300507106902186546
3262661675138404883
7928193051041750803
12775946345443939283
15866506385786666550
10114617812726935046
10940190411634261492
17037668075727648879
16909487446397246347
2800984254603094131
2123461585653895144
12784520023245343555
14755561937439558386
6072384933802461815
10023785765332929327
2716716725086190260
8726395271716470667
7642395834573440932
15050754990419766499
12862697253349645989
749610081531878425
6809720590906195779
4088723718648000731
13765836416081232858
13665400009107066360
8746475105715788024
13892661926903544727
4638600625282557652
12194625528733910497
16032033672976151550
6844277160630275732
17167474928517111271
17586084803126225509
7355868482995537301
10633824770951622228
6582061733179613012
14044185529192435535
15898727980239039824
13202071398551578001
6425502494666927048
16469153883651793182
13402988935620304154
3866337531876716598
13721291161935495994
1437218002568521667
8474769607427590462
6141062720770570877
5884214506519893612
883599706491724626
3402507048342841521
1896736063247135709
6355320941502047779
16572164266470294194
15963078393779000984
5764125538969846864
2090681928857311359
3890281869269324087
8725871311774600189
2755871665100190402
9018709817616374445
2592028759364888025
12951701204323634912
11670611042963995041
14495865245015388230
3834316452262037135
6832581295919329624
14392666412469338844
5582715166557556031
2802711589176903862
7679650990220758717
13910861476888873493
15366612122357987005
16756845587148234302
12304576039895741509
16420304677301997550
17116613473749243529
4878052182513909266
9852457121746369042
5997311684936715163
7029536579112474391
15466880303700655762
8723492614733939825
1211913292499060443
16429718843456562065
3538077351574853791
15970074498126048866
18419736091263117702
275997904176472955
11165482862530937632
12348465293106717417
9814322021846085368
1191982410516509443
2056377760362222135
13758189320915999027
15415292753994997534
1961197330918097883
1254396872754027495
13706282862249514854
15797260602100540351
13152923083669531168
18384938267070664353
3303321364745520691
2320445592444186384
5312367810635096587
16164841401381884459
2047426254217139908
8352268152607230487
9707636222414778048
5122726887384693544
2100843226985801498
7816584434776398440
836213157656444702
2254670633068009473
12465891641093985489
15060416943816564110
864509051530547576
4083510106167604989
12595718475403896786
108339075420989407
12364880173236197866
2917706461764161486
14327001542999956773
11817789732733394442
2819788126492520466
18285313831450627670
4844579108204697946
16833224685430599454
18087904602771474805
8364601157361001218
14108840325280212567
5969630663255881632
1456328321759588711
12834577277647616051
17531005414232353852
2637499374299339038
3106721799794794806
16845142568134400451
6572595593280004665
12975598032985453627
2576645298809558682
13386455584333305079
1738063547459817675
11934720097368237178
9168364456664992647
11342833705600520127
952931529790337597
4548878902899949859
14531637070364224695
11533786903475764271
8960919739450115877
5828299823791998808
12740889710694616084
17214293735977880751
15620264545031273000
8559493989706098466
837533146556194588
3311295111461206054
17534984694898796526
16439885176476373098
2866097776830749966
1863526203677225467
10848496810572359234
8464621891754304800
5510870297404302592
1491650431051263478
8570109289564702992
101436883921010156
12859504184522063387
2884312966172279189
7611890111880871753
10041205164610933542
2832400349604081336
8670674417914195005
8838566310218199787
12616410475096613228
13818926531240200336
9226708163652443263
15603046212211722570
9800831992988035463
10169940626286048316
9909718306321414010
3760198158261224930
5827997969055726793
14242698011294093166
11000468372093030997
5111633575271904069
7300057000434565486
8270127451895534379
2812217355480509060
7584639533839823749
16069876869591678871
14131887381126995506
6486472649715821442
15527406715538621802
16699508793843459084
3100763611070406035
9355831730889807066
3876387985306472296
4948566848809005278
14413379090209904627
2621193880662693997
1584281710959262058
89449800089763749
4702909680287685513
11465106114078990023
6608905155351299180
14930235150854848089
12813583064713493067
10414163819558767123
15100180310813344397
13085445480221365504
17744450463442620687
4686325476390232999
5564401893618756116
14877533016588200181
4714264706318725844
5661583045740798994
13073251027538789204
9695666109162221150
13057464492550638118
12752389353920781833
4253692507323580117
15334895665118049871
6264052678273724344
8350288982030120099
2374421336217973409
4041178672662537146
1629013654086724991
16085566500821021164
422122104203556008
13582319867755393353
5389999225910109015
5606091694247312359
4966694934484264918
18394772154033755548
11988553218472069255
17988636977673144973
1706414156046922708
1723650295435444563
14569164668337374486
15533728686271092509
8240335997979443765
16111412131296557856
15145214739883752953
14007118816564533376
6797046577660624288
17695432361440369395
15238141143821061504
1099719955715520290
10176690727402867384
6583326015837225923
17189371819836171790
13029960107319081364
14146766252134003806
11792272019998091336
11339725795562182927
14179826498563363215
738352308719290682
3671182378697826745
895870768523462602
9484051168265017662
3470262390047753912
4949731837915200567
10173001029930574664
17079317158319961838
13744064863650345222
388961788530349162
3724065679225016193
1013588239155463732
14855870248098788519
477337925687341359
1527170645966222404
7215561316096758263
4456645963726576343
8827192602223322285
3603697078915675428
8695148043155962614
1692138181828739581
3034961824176967243
13164374232416368120
8423493897570857984
5411851271513506012
8348864834722170243
13349679182392887696
3299747057079350798
16618182862502834891
16198064555996788578
10218221543521010426
641819622435706659
1628595259706363136
5208520081532477032
6839397817729990864
5041419718630995870
5956533836512341690
15051632755739540809
352748459773665757
1012961965635244099
7518470297250803017
1560340292100613737
13537539731772631176
10711047254065970503
327830091227471464
2506141146342279515
8775681346500115537
2640719982966887279
16020254491445065060
12807352089691606266
17522516903446655346
5316289112866479609
4257569954732258660
347244843179894626
2929863769677895937
15553666874988884032
5808230796585946536
3926984171737084206
6730098394303883889
11126762795105737761
2116418485841751983
18270343346112279545
9525306430446972798
11206575754838604337
9433054575930952567
12189435474923880551
6276170810228903144
3735861723547610111
11945909509469375497
14779111851905969443
9653070197147520845
11410161581520699400
1587030158712717307
16268513449782222181
17064570117899617029
13231813816406871992
3871444499943643073
16191593336230530297
13625073776434327031
2780824355352128837
17500908931423955780
13388130009879759687
5862100114153165306
10315583829246297991
12714430960955594812
2905930709546496465
5263517248383341360
10753895229501102087
7114591171342916235
737014960793376016
17776593962582304441
